Statistic                                 N     Mean      St. Dev.      Min      Pctl(25)   Pctl(75)      Max    
-----------------------------------------------------------------------------------------------------------------
ï..S..No.                                345   254.490     145.495       1         131        378         506    
BSE.Sensex.Clsoing.Price                 345 42,797.300   7,666.222  25,981.240 36,939.600 49,765.940 53,158.850 
Daily.New.Cases                          344 61,409.170  82,296.710    0.000    13,200.500 68,005.500 414,188.000
Daily.New.Deaths                         344   851.733    1,068.511    0.000     163.000    977.500    6,148.000 
Daily.New.Cured                          344 61,116.110  82,135.140    0.000    13,117.000 68,642.250 422,436.000
Complete.LockDown.imposed..Yes.1..No.0.. 345    0.136       0.344        0          0          0           1     
Wave                                     345    1.357       0.480        1          1          2           2     
People.fully.Vaccinated                  345 218,169.100 453,977.800     0          0       240,574    3,426,303 
CPI                                      345   156.303      3.593     148.600    153.900    158.400     162.500  
Crude.oil.price                          345   48.088      16.538     -37.630     39.310     61.550     127.760  
FII                                      345   336.560    2,773.697  -8,295.170 -1,027.940 1,237.000  28,739.170 
DII                                      345  -169.202    1,407.023  -4,968.900  -942.350   559.620    5,867.900 
Exchange.rate                            345   74.183       1.084      72.370     73.280     74.910     76.950   
Economic.growth.rate                     345    0.535      10.124      -7.970     -7.970     12.550     12.550   
Inflation                                345    5.267       0.704      3.670      5.060      5.620       6.300   
Repo                                     345    4.053       0.136      4.000      4.000      4.000       4.400   
Reverse.repo                             345    3.419       0.183        3         3.4        3.4          4     
IIP                                      345   118.900     19.517      54.000    116.600    129.600     145.500  
Nasdaq                                   345 11,839.480   2,011.797  6,860.670  10,536.270 13,597.970 14,840.710 